UNKNOWN
version=1
nRows=121
nColumns=15
inDegrees=no
endheader
time	time	pelvis_to_femur_l	femur_l_to_tibia_l_rz	tibia_l_to_metatarsal_l_rz	biceps_femoris_l	cranial_tibial_l	gastrocnemius_l	gluteus_medius_l	iliopsoas_l	rectus_femoris_l	semitendinosus_l	vastus_intermedius_l	vastus_lateralis_l	vastus_medius_l
      0.00000000	      5.53300000	     -7.73783594	     29.34919670	     50.04050348	      0.20105069	      0.18370191	      0.16508820	      0.10367473	      0.11717911	      0.20727505	      0.17580394	      0.17612503	      0.18228536	      0.17707149
      1.00000000	      5.55000000	    -13.14430894	     33.87370939	     42.00503737	      0.20221850	      0.18300162	      0.16716736	      0.10469778	      0.11626013	      0.20702295	      0.17625216	      0.17861973	      0.18475173	      0.17931158
      2.00000000	      5.56700000	    -17.95592798	     37.05482056	     36.17977491	      0.20348219	      0.18215765	      0.16880007	      0.10540958	      0.11545666	      0.20629170	      0.17706765	      0.18037039	      0.18647753	      0.18089168
      3.00000000	      5.58300000	    -22.91108383	     39.27537231	     31.22284357	      0.20502075	      0.18125945	      0.17039325	      0.10597614	      0.11465000	      0.20493994	      0.17849157	      0.18158985	      0.18767940	      0.18199689
      4.00000000	      5.60000000	    -25.54427868	     38.93504522	     26.04384638	      0.20625641	      0.18023758	      0.17297966	      0.10622199	      0.11423213	      0.20345218	      0.18024537	      0.18140306	      0.18749553	      0.18182739
      5.00000000	      5.61700000	    -28.73404620	     37.71188603	     24.02410254	      0.20796171	      0.17981820	      0.17435570	      0.10647840	      0.11373775	      0.20123230	      0.18286883	      0.18073069	      0.18683409	      0.18121853
      6.00000000	      5.63300000	    -31.45037460	     35.29378416	     24.23780661	      0.20983509	      0.17986310	      0.17502933	      0.10666638	      0.11332816	      0.19866135	      0.18597441	      0.17940132	      0.18552452	      0.18001647
      7.00000000	      5.65000000	    -33.83238552	     31.52765163	     24.53979262	      0.21205747	      0.17992634	      0.17605025	      0.10681133	      0.11297849	      0.19561261	      0.18971023	      0.17732605	      0.18347565	      0.17814891
      8.00000000	      5.66700000	    -36.20548146	     26.87527541	     26.43118038	      0.21467241	      0.18031671	      0.17650002	      0.10693919	      0.11263968	      0.19215333	      0.19387102	      0.17476114	      0.18093175	      0.17585072
      9.00000000	      5.68300000	    -37.74052458	     20.88065570	     28.99608056	      0.21764392	      0.18082982	      0.17688469	      0.10701378	      0.11242591	      0.18852443	      0.19824394	      0.17144654	      0.17763333	      0.17251088
     10.00000000	      5.70000000	    -37.77760372	     14.00109961	     33.15737897	      0.22065771	      0.18162027	      0.17654864	      0.10701550	      0.11242081	      0.18531606	      0.20213599	      0.16763617	      0.17381661	      0.16854198
     11.00000000	      5.71700000	    -36.98970804	      6.78900388	     38.07825853	      0.22373144	      0.18246344	      0.17570751	      0.10697806	      0.11252993	      0.18244456	      0.20546404	      0.16363871	      0.16978186	      0.16433584
     12.00000000	      5.73300000	    -34.41116145	     -0.92349444	     43.19542282	      0.22649469	      0.18313948	      0.17461629	      0.10684397	      0.11289495	      0.18034915	      0.20777342	      0.15936749	      0.16546149	      0.15988989
     13.00000000	      5.75000000	    -31.38983220	     -8.08140384	     48.67029405	      0.22881064	      0.18362086	      0.17304303	      0.10666247	      0.11333717	      0.17878408	      0.20916532	      0.15541396	      0.16147644	      0.15602821
     14.00000000	      5.76700000	    -28.46061860	    -14.67798047	     54.04320723	      0.23080188	      0.18384786	      0.17127265	      0.10645802	      0.11377958	      0.17745779	      0.20996247	      0.15181309	      0.15783787	      0.15268736
     15.00000000	      5.78300000	    -25.13094226	    -16.38126533	     51.43443983	      0.23015048	      0.18376811	      0.17245330	      0.10618559	      0.11429717	      0.17840720	      0.20881113	      0.15089206	      0.15690876	      0.15190161
     16.00000000	      5.80000000	    -25.59672104	     -9.56384019	     42.75562104	      0.22702823	      0.18308992	      0.17581329	      0.10622655	      0.11422389	      0.18107870	      0.20681665	      0.15460046	      0.16065302	      0.15524661
     17.00000000	      5.81700000	    -24.91306998	     -4.08113010	     37.42891706	      0.22400437	      0.18236218	      0.17768647	      0.10616609	      0.11433153	      0.18380492	      0.20435201	      0.15761948	      0.16370595	      0.15820817
     18.00000000	      5.83300000	    -24.82044381	     -0.02114198	     33.70613706	      0.22196034	      0.18172046	      0.17889216	      0.10615773	      0.11434616	      0.18564543	      0.20257022	      0.15986458	      0.16596452	      0.16040467
     19.00000000	      5.85000000	    -24.23221483	      3.29602896	     30.45887256	      0.22007753	      0.18111375	      0.17992247	      0.10610371	      0.11443931	      0.18742078	      0.20073176	      0.16170206	      0.16781972	      0.16231256
     20.00000000	      5.86700000	    -23.77109682	      5.29118040	     29.35651959	      0.21890918	      0.18090038	      0.18010897	      0.10606018	      0.11451262	      0.18854845	      0.19952006	      0.16280773	      0.16894051	      0.16347011
     21.00000000	      5.88300000	    -23.22617670	      6.37381132	     28.73057102	      0.21814525	      0.18077760	      0.18021495	      0.10600737	      0.11459956	      0.18930810	      0.19868449	      0.16340831	      0.16954882	      0.16409361
     22.00000000	      5.90000000	    -21.89523664	      6.97466314	     27.70259416	      0.21724697	      0.18057345	      0.18059972	      0.10587184	      0.11481334	      0.19023576	      0.19763874	      0.16374175	      0.16988585	      0.16444386
     23.00000000	      5.91700000	    -21.03132440	      7.80364978	     27.44086874	      0.21645492	      0.18052098	      0.18056942	      0.10577861	      0.11495312	      0.19103491	      0.19672751	      0.16420087	      0.17035122	      0.16492675
     24.00000000	      5.93300000	    -20.64091115	      9.07180084	     27.97495462	      0.21568261	      0.18062784	      0.18006471	      0.10573505	      0.11501654	      0.19180336	      0.19584849	      0.16490476	      0.17106242	      0.16566579
     25.00000000	      5.95000000	    -19.36478098	     10.28925101	     28.02995224	      0.21452058	      0.18063880	      0.17979336	      0.10558617	      0.11522489	      0.19297827	      0.19446846	      0.16558024	      0.17174415	      0.16637460
     26.00000000	      5.96700000	    -19.75280588	     12.25261167	     31.80594265	      0.21381730	      0.18136944	      0.17757193	      0.10563252	      0.11516137	      0.19369336	      0.19363512	      0.16666854	      0.17284123	      0.16752679
     27.00000000	      5.98300000	    -19.61484105	     13.95323118	     35.85227115	      0.21299786	      0.18210191	      0.17529093	      0.10561615	      0.11518394	      0.19454513	      0.19261461	      0.16760963	      0.17378993	      0.16851405
     28.00000000	      6.00000000	    -19.14479715	     14.34859197	     41.66128181	      0.21260233	      0.18295961	      0.17253465	      0.10555946	      0.11526096	      0.19495495	      0.19211741	      0.16782883	      0.17401011	      0.16874783
     29.00000000	      6.01700000	    -18.08039915	     14.71405302	     43.68964567	      0.21193620	      0.18319325	      0.17154737	      0.10542572	      0.11543612	      0.19563503	      0.19128216	      0.16803108	      0.17421356	      0.16896109
     30.00000000	      6.03300000	    -16.25818193	     15.02939819	     45.44373682	      0.21092010	      0.18336759	      0.17070606	      0.10517845	      0.11573821	      0.19664586	      0.19001085	      0.16820589	      0.17438892	      0.16914095
     31.00000000	      6.05000000	    -12.99513826	     15.19073954	     45.83982970	      0.20923951	      0.18340339	      0.17049757	      0.10467281	      0.11628529	      0.19823583	      0.18791799	      0.16829532	      0.17447872	      0.16923510
     32.00000000	      6.06700000	     -9.38025688	     15.45113924	     45.20080510	      0.20729256	      0.18334498	      0.17071727	      0.10401121	      0.11689860	      0.19998204	      0.18549038	      0.16843966	      0.17462363	      0.16938704
     33.00000000	      6.08300000	     -5.19729414	     14.47317879	     45.57173593	      0.20552433	      0.18337930	      0.17077390	      0.10311189	      0.11761454	      0.20133034	      0.18334733	      0.16789755	      0.17407969	      0.16882053
     34.00000000	      6.10000000	     -1.40392011	     13.60387275	     46.74211108	      0.20386465	      0.18348002	      0.17045649	      0.10218515	      0.11826648	      0.20248480	      0.18133526	      0.16741578	      0.17359514	      0.16831018
     35.00000000	      6.11700000	      1.95607036	     12.07341907	     49.03896084	      0.20269227	      0.18364422	      0.16980064	      0.10129302	      0.11884367	      0.20308897	      0.17994157	      0.16656914	      0.17274125	      0.16742135
     36.00000000	      6.13300000	      4.91816437	     10.17117550	     51.85709847	      0.20188745	      0.18378493	      0.16901292	      0.10046429	      0.11935067	      0.20331293	      0.17898262	      0.16551472	      0.17167798	      0.16630574
     37.00000000	      6.15000000	      7.94999377	      8.18809256	     55.07257899	      0.20107564	      0.18386349	      0.16809855	      0.09958617	      0.11986638	      0.20347399	      0.17797834	      0.16441414	      0.17056692	      0.16515069
     38.00000000	      6.16700000	      9.52949024	      7.57812545	     57.65031902	      0.20046055	      0.18386327	      0.16721313	      0.09911991	      0.12013329	      0.20373186	      0.17721483	      0.16407641	      0.17022465	      0.16479542
     39.00000000	      6.18300000	      8.94583653	      9.26834621	     59.92779326	      0.20003072	      0.18381628	      0.16605782	      0.09929278	      0.12003482	      0.20431582	      0.17670972	      0.16501383	      0.17117261	      0.16577934
     40.00000000	      6.20000000	      6.56615882	     13.77999474	     60.37442123	      0.19939938	      0.18380191	      0.16500357	      0.09999009	      0.11963148	      0.20558686	      0.17582795	      0.16751346	      0.17369335	      0.16841296
     41.00000000	      6.21700000	      2.63086377	     18.27092905	     61.58093512	      0.19971496	      0.18375468	      0.16358870	      0.10110728	      0.11895938	      0.20624692	      0.17587957	      0.17000265	      0.17618965	      0.17103182
     42.00000000	      6.23300000	     -1.86070956	     22.16423623	     61.13988300	      0.20061377	      0.18377338	      0.16280595	      0.10230167	      0.11818794	      0.20632369	      0.17652795	      0.17215673	      0.17834153	      0.17327026
     43.00000000	      6.25000000	     -6.82009203	     26.27706628	     55.78634952	      0.20167997	      0.18386906	      0.16368086	      0.10347720	      0.11733622	      0.20620438	      0.17720683	      0.17443068	      0.18060401	      0.17555599
     44.00000000	      6.26700000	    -12.31631111	     31.68161218	     46.96844503	      0.20254745	      0.18349818	      0.16568298	      0.10455687	      0.11639996	      0.20634822	      0.17720367	      0.17741090	      0.18355959	      0.17822514
     45.00000000	      6.28300000	    -17.30598563	     37.00926994	     38.34899963	      0.20319426	      0.18250464	      0.16782115	      0.10532354	      0.11556417	      0.20658145	      0.17670137	      0.18034536	      0.18645476	      0.18086903
     46.00000000	      6.30000000	    -21.82643340	     41.01447595	     32.45434456	      0.20401915	      0.18149050	      0.16923326	      0.10586457	      0.11482444	      0.20632341	      0.17663993	      0.18254342	      0.18861675	      0.18286365
     47.00000000	      6.31700000	    -25.35370709	     43.29988121	     26.64594362	      0.20486911	      0.18036040	      0.17121999	      0.10620531	      0.11426209	      0.20567022	      0.17708141	      0.18379311	      0.18984622	      0.18400411
     48.00000000	      6.33300000	    -27.62646724	     42.52939422	     22.55514322	      0.20603291	      0.17950625	      0.17345947	      0.10639405	      0.11390785	      0.20413726	      0.17890809	      0.18337147	      0.18943181	      0.18361945
     49.00000000	      6.35000000	    -29.95510091	     40.21657986	     21.35224139	      0.20766334	      0.17924662	      0.17482482	      0.10656609	      0.11355226	      0.20181427	      0.18180488	      0.18210657	      0.18818621	      0.18246586
     50.00000000	      6.36700000	    -31.59169935	     36.02920380	     22.57002320	      0.20964480	      0.17950944	      0.17560335	      0.10667548	      0.11330716	      0.19894158	      0.18555245	      0.17980616	      0.18592334	      0.18038182
     51.00000000	      6.38300000	    -32.67065307	     30.67354228	     25.17993466	      0.21191956	      0.18005957	      0.17599766	      0.10674282	      0.11314787	      0.19581312	      0.18967159	      0.17685518	      0.18300971	      0.17772622
     52.00000000	      6.40000000	    -32.68185827	     23.76177035	     27.59255907	      0.21455131	      0.18055141	      0.17680138	      0.10674350	      0.11314622	      0.19253324	      0.19403946	      0.17304111	      0.17922182	      0.17420985
     53.00000000	      6.41700000	    -32.88391458	     16.39012838	     33.77765618	      0.21771601	      0.18173345	      0.17571027	      0.10675570	      0.11311661	      0.18898641	      0.19846837	      0.16896004	      0.17514553	      0.16993609
     54.00000000	      6.43300000	    -31.80504051	      7.60274081	     40.63646205	      0.22129529	      0.18282855	      0.17437983	      0.10668909	      0.11327551	      0.18551933	      0.20259016	      0.16409007	      0.17023847	      0.16480975
     55.00000000	      6.45000000	    -30.45985690	     -0.66655698	     47.22371305	      0.22474681	      0.18351813	      0.17279418	      0.10660079	      0.11347623	      0.18250630	      0.20576431	      0.15950992	      0.16560474	      0.16003465
     56.00000000	      6.46700000	    -27.51178312	     -8.74170812	     51.46080943	      0.22747462	      0.18376920	      0.17191260	      0.10638504	      0.11392556	      0.18047326	      0.20749927	      0.15505147	      0.16110941	      0.15567957
     57.00000000	      6.48300000	    -23.28333772	    -15.36350277	     55.15507041	      0.22881345	      0.18386436	      0.17085336	      0.10601298	      0.11459043	      0.17974709	      0.20754626	      0.15144190	      0.15746335	      0.15236653
     58.00000000	      6.50000000	    -18.23544699	    -21.06866905	     58.09699087	      0.22914352	      0.18385752	      0.16986118	      0.10544568	      0.11541054	      0.17978688	      0.20645529	      0.14838200	      0.15616270	      0.15006731
     59.00000000	      6.51700000	    -18.33556105	    -14.41830759	     48.65096591	      0.22600250	      0.18361960	      0.17354824	      0.10545848	      0.11539404	      0.18253134	      0.20456168	      0.15195385	      0.15798003	      0.15281052
     60.00000000	      6.53300000	    -18.16078369	     -8.58395439	     42.05956176	      0.22304922	      0.18300819	      0.17603911	      0.10543609	      0.11542285	      0.18512060	      0.20241293	      0.15513805	      0.16119707	      0.15576317
     61.00000000	      6.55000000	    -17.64029388	     -4.67131829	     38.25905364	      0.22086013	      0.18249102	      0.17737045	      0.10536817	      0.11550883	      0.18707638	      0.20056657	      0.15729305	      0.16337654	      0.15788180
     62.00000000	      6.56700000	    -17.83629002	      0.55600731	     33.21358700	      0.21838979	      0.18163057	      0.17904030	      0.10539397	      0.11547643	      0.18930131	      0.19840335	      0.16018342	      0.16628671	      0.16073398
     63.00000000	      6.58300000	    -17.74876160	      2.63742852	     31.24529256	      0.21733882	      0.18126370	      0.17965379	      0.10538248	      0.11549089	      0.19027581	      0.19738220	      0.16133634	      0.16744933	      0.16193389
     64.00000000	      6.60000000	    -17.85990215	      4.51642268	     28.90859640	      0.21649229	      0.18081264	      0.18046076	      0.10539706	      0.11547253	      0.19107005	      0.19654120	      0.16237814	      0.16850573	      0.16302053
     65.00000000	      6.61700000	    -18.63412734	      6.69077689	     26.97762175	      0.21583757	      0.18042762	      0.18100305	      0.10549625	      0.11534487	      0.19168633	      0.19591127	      0.16358420	      0.16972684	      0.16428179
     66.00000000	      6.63300000	    -18.46370344	      9.15323548	     25.49642498	      0.21461040	      0.18012502	      0.18124759	      0.10547476	      0.11537292	      0.19289058	      0.19454219	      0.16494995	      0.17110808	      0.16571327
     67.00000000	      6.65000000	    -18.88996716	     11.73712643	     25.06068539	      0.21363907	      0.18003484	      0.18092835	      0.10552813	      0.11530280	      0.19387186	      0.19341164	      0.16638316	      0.17255351	      0.16722140
     68.00000000	      6.66700000	    -19.18001992	     14.12852045	     25.95446527	      0.21271536	      0.18021926	      0.17997387	      0.10556376	      0.11525518	      0.19483610	      0.19226163	      0.16770682	      0.17388748	      0.16861940
     69.00000000	      6.68300000	    -19.62534106	     16.55010627	     29.38441546	      0.21187809	      0.18090583	      0.17776384	      0.10561740	      0.11518222	      0.19574490	      0.19114607	      0.16904869	      0.17523443	      0.17002885
     70.00000000	      6.70000000	    -20.12053178	     18.06166810	     34.37322161	      0.21147065	      0.18184096	      0.17503194	      0.10567556	      0.11510131	      0.19620927	      0.19055728	      0.16988605	      0.17607360	      0.17090990
     71.00000000	      6.71700000	    -19.90611018	     18.47436971	     39.44478564	      0.21119804	      0.18266520	      0.17258120	      0.10565056	      0.11513632	      0.19650612	      0.19018892	      0.17011533	      0.17630244	      0.17115033
     72.00000000	      6.73300000	    -19.18648348	     18.89662266	     42.49387528	      0.21068527	      0.18305966	      0.17110291	      0.10556455	      0.11525412	      0.19705180	      0.18951516	      0.17034919	      0.17653626	      0.17139626
     73.00000000	      6.75000000	    -18.00292595	     19.02654524	     44.83342056	      0.21007160	      0.18330985	      0.17003861	      0.10541569	      0.11544890	      0.19768134	      0.18873373	      0.17042114	      0.17660812	      0.17147192
     74.00000000	      6.76700000	    -15.85309967	     19.07180926	     46.21932642	      0.20901922	      0.18343645	      0.16942614	      0.10512018	      0.11580572	      0.19872204	      0.18740776	      0.17044621	      0.17663297	      0.17149828
     75.00000000	      6.78300000	    -13.02162015	     18.22686233	     47.73233167	      0.20797372	      0.18355626	      0.16898199	      0.10467725	      0.11628083	      0.19964054	      0.18616376	      0.16997824	      0.17616521	      0.17100614
     76.00000000	      6.80000000	     -9.88121483	     17.24733460	     49.14180826	      0.20679347	      0.18365054	      0.16861824	      0.10410941	      0.11681324	      0.20059896	      0.18476234	      0.16943500	      0.17562152	      0.17043533
     77.00000000	      6.81700000	     -6.27431267	     15.90869953	     50.59111121	      0.20548312	      0.18373002	      0.16832279	      0.10335659	      0.11742976	      0.20154361	      0.18322118	      0.16869325	      0.17487813	      0.16965606
     78.00000000	      6.83300000	     -2.28052868	     14.58712596	     52.19528274	      0.20391726	      0.18379731	      0.16796033	      0.10240764	      0.11811575	      0.20258944	      0.18135628	      0.16796072	      0.17414287	      0.16888703
     79.00000000	      6.85000000	      0.62028335	     13.45358105	     55.04864445	      0.20282770	      0.18386323	      0.16706829	      0.10165460	      0.11861437	      0.20321546	      0.18006341	      0.16733244	      0.17351132	      0.16822248
     80.00000000	      6.86700000	      2.54614259	     13.17722599	     57.72400919	      0.20188907	      0.18386244	      0.16610173	      0.10113071	      0.11894485	      0.20382740	      0.17891857	      0.16718003	      0.17335735	      0.16806535
     81.00000000	      6.88300000	      3.09200755	     14.62821461	     59.74869885	      0.20096883	      0.18382156	      0.16504930	      0.10097925	      0.11903838	      0.20471109	      0.17771558	      0.16798350	      0.17416575	      0.16891100
     82.00000000	      6.90000000	      1.86244430	     17.47639635	     61.58450377	      0.20045978	      0.18375453	      0.16376940	      0.10131863	      0.11882761	      0.20557948	      0.17687769	      0.16956310	      0.17574873	      0.17056884
     83.00000000	      6.91700000	     -0.92350082	     20.44763365	     62.12152849	      0.20078020	      0.18372953	      0.16288846	      0.10206128	      0.11834907	      0.20588841	      0.17696101	      0.17120722	      0.17739434	      0.17225709
     84.00000000	      6.93300000	     -5.02414018	     24.21311565	     59.41527641	      0.20151079	      0.18383068	      0.16289200	      0.10307175	      0.11764426	      0.20598786	      0.17734456	      0.17329051	      0.17947024	      0.17447646
     85.00000000	      6.95000000	    -10.30940944	     29.38718886	     52.10437123	      0.20234319	      0.18379408	      0.16424407	      0.10419168	      0.11674037	      0.20615627	      0.17744452	      0.17614599	      0.18230613	      0.17709027
     86.00000000	      6.96700000	    -15.23803460	     35.47494018	     42.64743653	      0.20270731	      0.18307748	      0.16638519	      0.10502933	      0.11590846	      0.20682054	      0.17647591	      0.17950098	      0.18562284	      0.18010644
     87.00000000	      6.98300000	    -20.23632633	     40.31333780	     35.83025811	      0.20352040	      0.18209814	      0.16789453	      0.10568894	      0.11508242	      0.20676539	      0.17618441	      0.18215830	      0.18823842	      0.18251409
     88.00000000	      7.00000000	    -24.51726898	     42.74762876	     31.69135473	      0.20467530	      0.18134791	      0.16900565	      0.10613009	      0.11439412	      0.20582333	      0.17699141	      0.18349093	      0.18954923	      0.18372838
     89.00000000	      7.01700000	    -27.14218615	     43.04472892	     26.17779331	      0.20568461	      0.18026499	      0.17153268	      0.10635565	      0.11398276	      0.20463608	      0.17827423	      0.18365352	      0.18970903	      0.18387671
     90.00000000	      7.03300000	    -29.58427354	     41.91136888	     21.72438546	      0.20700259	      0.17932734	      0.17407303	      0.10654003	      0.11360836	      0.20282895	      0.18042096	      0.18303334	      0.18909927	      0.18331103
     91.00000000	      7.05000000	    -31.75263692	     38.60238621	     21.31339656	      0.20887104	      0.17923817	      0.17537887	      0.10668576	      0.11328328	      0.20009897	      0.18388198	      0.18122044	      0.18731574	      0.18166175
     92.00000000	      7.06700000	    -33.67833011	     34.07285064	     22.99052935	      0.21110608	      0.17959930	      0.17601789	      0.10680247	      0.11300082	      0.19691114	      0.18795146	      0.17872937	      0.18485976	      0.17941038
     93.00000000	      7.08300000	    -34.64735603	     28.28233901	     24.41226133	      0.21355631	      0.17989966	      0.17707285	      0.10685702	      0.11286102	      0.19364034	      0.19221392	      0.17553625	      0.18170218	      0.17654467
     94.00000000	      7.10000000	    -35.35500933	     21.40034554	     29.32715612	      0.21654193	      0.18089465	      0.17659218	      0.10689517	      0.11275996	      0.19002555	      0.19679513	      0.17173408	      0.17792074	      0.17281808
     95.00000000	      7.11700000	    -34.67616222	     13.31466870	     34.92155543	      0.21979185	      0.18193892	      0.17586766	      0.10685860	      0.11285689	      0.18663185	      0.20104106	      0.16725590	      0.17343383	      0.16814555
     96.00000000	      7.13300000	    -33.89361907	      5.25263868	     40.38790366	      0.22326543	      0.18279545	      0.17491893	      0.10681483	      0.11296962	      0.18337349	      0.20475284	      0.16278634	      0.16891885	      0.16344774
     97.00000000	      7.15000000	    -31.69107264	     -3.03746879	     45.92790667	      0.22643481	      0.18341117	      0.17367863	      0.10668184	      0.11329241	      0.18082734	      0.20736198	      0.15819635	      0.16428876	      0.15878867
     98.00000000	      7.16700000	    -27.80355158	    -11.48506949	     51.02212278	      0.22895559	      0.18375024	      0.17232784	      0.10640785	      0.11388054	      0.17914703	      0.20860818	      0.15354891	      0.15959261	      0.15424877
     99.00000000	      7.18300000	    -23.23057342	    -18.22238799	     56.59449939	      0.23016515	      0.18387017	      0.17039109	      0.10600780	      0.11459886	      0.17857153	      0.20836189	      0.14990131	      0.15591175	      0.15112178
    100.00000000	      7.20000000	    -20.88119226	    -15.07892185	     47.94466573	      0.22754932	      0.18357153	      0.17389596	      0.10576196	      0.11497749	      0.18103536	      0.20617533	      0.15159592	      0.15761861	      0.15249894
    101.00000000	      7.21700000	    -21.90261050	     -6.17143983	     38.80151867	      0.22364884	      0.18257215	      0.17729165	      0.10587261	      0.11481215	      0.18437248	      0.20356929	      0.15646549	      0.16253991	      0.15705874
    102.00000000	      7.23300000	    -21.36236113	     -1.78958299	     35.62628973	      0.22122979	      0.18206294	      0.17823465	      0.10581484	      0.11489947	      0.18656330	      0.20145581	      0.15888759	      0.16498015	      0.15939673
    103.00000000	      7.25000000	    -22.06717592	      3.58075674	     32.18023735	      0.21894324	      0.18143948	      0.17905056	      0.10588989	      0.11478561	      0.18861717	      0.19940199	      0.16185973	      0.16797960	      0.16247722
    104.00000000	      7.26700000	    -22.18783257	      5.76508759	     30.73053611	      0.21795476	      0.18116576	      0.17936415	      0.10590246	      0.11476618	      0.18954382	      0.19840768	      0.16307139	      0.16920684	      0.16374524
    105.00000000	      7.28300000	    -21.80985926	      7.13506111	     29.62161310	      0.21713183	      0.18095203	      0.17964480	      0.10586281	      0.11482712	      0.19035046	      0.19750952	      0.16383076	      0.16997610	      0.16453720
    106.00000000	      7.30000000	    -21.79213988	      8.32474834	     28.55361435	      0.21656709	      0.18074268	      0.17993201	      0.10586093	      0.11482998	      0.19090057	      0.19689208	      0.16448997	      0.17064359	      0.16523007
    107.00000000	      7.31700000	    -22.66610772	     10.47487952	     29.77455546	      0.21597843	      0.18098173	      0.17891583	      0.10595150	      0.11468928	      0.19145354	      0.19626116	      0.16568324	      0.17184787	      0.16648287
    108.00000000	      7.33300000	    -21.69123711	     11.02743959	     28.82047262	      0.21527687	      0.18079531	      0.17926033	      0.10585021	      0.11484627	      0.19218623	      0.19541463	      0.16598822	      0.17215678	      0.16680423
    109.00000000	      7.35000000	    -21.09231709	     11.85269468	     29.49884139	      0.21462523	      0.18092813	      0.17876087	      0.10578533	      0.11494323	      0.19285838	      0.19462738	      0.16644718	      0.17261791	      0.16729256
    110.00000000	      7.36700000	    -20.96667093	     13.36744375	     31.88554833	      0.21388996	      0.18138437	      0.17729255	      0.10577146	      0.11496361	      0.19361779	      0.19372522	      0.16728498	      0.17346327	      0.16817634
    111.00000000	      7.38300000	    -20.12320972	     14.28531823	     35.25883118	      0.21309126	      0.18199868	      0.17549494	      0.10567587	      0.11510087	      0.19445258	      0.19272535	      0.16779375	      0.17397485	      0.16871091
    112.00000000	      7.40000000	    -19.92804195	     15.28706889	     39.40762473	      0.21256322	      0.18265992	      0.17334696	      0.10565313	      0.11513273	      0.19501144	      0.19204625	      0.16834872	      0.17453233	      0.16929130
    113.00000000	      7.41700000	    -19.26012057	     15.71572870	     43.71774085	      0.21206366	      0.18319624	      0.17130926	      0.10557350	      0.11524205	      0.19553344	      0.19141040	      0.16858696	      0.17477082	      0.16954249
    114.00000000	      7.43300000	    -18.02773903	     16.24109592	     46.36912485	      0.21125301	      0.18344917	      0.17003018	      0.10541891	      0.11544481	      0.19636947	      0.19037910	      0.16887746	      0.17506340	      0.16984844
    115.00000000	      7.45000000	    -16.82827935	     17.10060368	     46.39154280	      0.21031220	      0.18345106	      0.16982162	      0.10525839	      0.11564341	      0.19734051	      0.18916182	      0.16935370	      0.17554016	      0.17034979
    116.00000000	      7.46700000	    -14.24067963	     17.40206199	     47.36500830	      0.20892183	      0.18352894	      0.16933344	      0.10487575	      0.11607563	      0.19869323	      0.18740661	      0.16952192	      0.17570739	      0.17052551
    117.00000000	      7.48300000	    -11.41037527	     17.46453736	     46.95870374	      0.20748094	      0.18349740	      0.16949255	      0.10439618	      0.11655337	      0.20001624	      0.18560400	      0.16955653	      0.17574215	      0.17056193
    118.00000000	      7.50000000	     -8.31512263	     16.76793296	     48.03259560	      0.20618725	      0.18357775	      0.16919704	      0.10379552	      0.11708041	      0.20106434	      0.18404081	      0.16916938	      0.17535541	      0.17015585
    119.00000000	      7.51700000	     -5.06951917	     15.18611509	     50.43472771	      0.20515286	      0.18372230	      0.16854922	      0.10308229	      0.11763647	      0.20171648	      0.18285299	      0.16829276	      0.17447615	      0.16923240
    120.00000000	      7.53300000	     -1.47292301	     12.84725873	     53.14281298	      0.20422890	      0.18382684	      0.16795009	      0.10220283	      0.11825461	      0.20210506	      0.18181032	      0.16699838	      0.17317310	      0.16787281
