UNKNOWN
version=1
nRows=121
nColumns=6
inDegrees=no
endheader
time	time	femur_l_to_tibia_l_rz	vastus_intermedius_l	vastus_lateralis_l	vastus_medius_l
      0.00000000	      5.53300000	     29.34919670	      0.17612503	      0.18228536	      0.17707149
      1.00000000	      5.55000000	     33.87370939	      0.17861973	      0.18475173	      0.17931158
      2.00000000	      5.56700000	     37.05482056	      0.18037039	      0.18647753	      0.18089168
      3.00000000	      5.58300000	     39.27537231	      0.18158985	      0.18767940	      0.18199689
      4.00000000	      5.60000000	     38.93504522	      0.18140306	      0.18749553	      0.18182739
      5.00000000	      5.61700000	     37.71188603	      0.18073069	      0.18683409	      0.18121853
      6.00000000	      5.63300000	     35.29378416	      0.17940132	      0.18552452	      0.18001647
      7.00000000	      5.65000000	     31.52765163	      0.17732605	      0.18347565	      0.17814891
      8.00000000	      5.66700000	     26.87527541	      0.17476114	      0.18093175	      0.17585072
      9.00000000	      5.68300000	     20.88065570	      0.17144654	      0.17763333	      0.17251088
     10.00000000	      5.70000000	     14.00109961	      0.16763617	      0.17381661	      0.16854198
     11.00000000	      5.71700000	      6.78900388	      0.16363871	      0.16978186	      0.16433584
     12.00000000	      5.73300000	     -0.92349444	      0.15936749	      0.16546149	      0.15988989
     13.00000000	      5.75000000	     -8.08140384	      0.15541396	      0.16147644	      0.15602821
     14.00000000	      5.76700000	    -14.67798047	      0.15181309	      0.15783787	      0.15268736
     15.00000000	      5.78300000	    -16.38126533	      0.15089206	      0.15690876	      0.15190161
     16.00000000	      5.80000000	     -9.56384019	      0.15460046	      0.16065302	      0.15524661
     17.00000000	      5.81700000	     -4.08113010	      0.15761948	      0.16370595	      0.15820817
     18.00000000	      5.83300000	     -0.02114198	      0.15986458	      0.16596452	      0.16040467
     19.00000000	      5.85000000	      3.29602896	      0.16170206	      0.16781972	      0.16231256
     20.00000000	      5.86700000	      5.29118040	      0.16280773	      0.16894051	      0.16347011
     21.00000000	      5.88300000	      6.37381132	      0.16340831	      0.16954882	      0.16409361
     22.00000000	      5.90000000	      6.97466314	      0.16374175	      0.16988585	      0.16444386
     23.00000000	      5.91700000	      7.80364978	      0.16420087	      0.17035122	      0.16492675
     24.00000000	      5.93300000	      9.07180084	      0.16490476	      0.17106242	      0.16566579
     25.00000000	      5.95000000	     10.28925101	      0.16558024	      0.17174415	      0.16637460
     26.00000000	      5.96700000	     12.25261167	      0.16666854	      0.17284123	      0.16752679
     27.00000000	      5.98300000	     13.95323118	      0.16760963	      0.17378993	      0.16851405
     28.00000000	      6.00000000	     14.34859197	      0.16782883	      0.17401011	      0.16874783
     29.00000000	      6.01700000	     14.71405302	      0.16803108	      0.17421356	      0.16896109
     30.00000000	      6.03300000	     15.02939819	      0.16820589	      0.17438892	      0.16914095
     31.00000000	      6.05000000	     15.19073954	      0.16829532	      0.17447872	      0.16923510
     32.00000000	      6.06700000	     15.45113924	      0.16843966	      0.17462363	      0.16938704
     33.00000000	      6.08300000	     14.47317879	      0.16789755	      0.17407969	      0.16882053
     34.00000000	      6.10000000	     13.60387275	      0.16741578	      0.17359514	      0.16831018
     35.00000000	      6.11700000	     12.07341907	      0.16656914	      0.17274125	      0.16742135
     36.00000000	      6.13300000	     10.17117550	      0.16551472	      0.17167798	      0.16630574
     37.00000000	      6.15000000	      8.18809256	      0.16441414	      0.17056692	      0.16515069
     38.00000000	      6.16700000	      7.57812545	      0.16407641	      0.17022465	      0.16479542
     39.00000000	      6.18300000	      9.26834621	      0.16501383	      0.17117261	      0.16577934
     40.00000000	      6.20000000	     13.77999474	      0.16751346	      0.17369335	      0.16841296
     41.00000000	      6.21700000	     18.27092905	      0.17000265	      0.17618965	      0.17103182
     42.00000000	      6.23300000	     22.16423623	      0.17215673	      0.17834153	      0.17327026
     43.00000000	      6.25000000	     26.27706628	      0.17443068	      0.18060401	      0.17555599
     44.00000000	      6.26700000	     31.68161218	      0.17741090	      0.18355959	      0.17822514
     45.00000000	      6.28300000	     37.00926994	      0.18034536	      0.18645476	      0.18086903
     46.00000000	      6.30000000	     41.01447595	      0.18254342	      0.18861675	      0.18286365
     47.00000000	      6.31700000	     43.29988121	      0.18379311	      0.18984622	      0.18400411
     48.00000000	      6.33300000	     42.52939422	      0.18337147	      0.18943181	      0.18361945
     49.00000000	      6.35000000	     40.21657986	      0.18210657	      0.18818621	      0.18246586
     50.00000000	      6.36700000	     36.02920380	      0.17980616	      0.18592334	      0.18038182
     51.00000000	      6.38300000	     30.67354228	      0.17685518	      0.18300971	      0.17772622
     52.00000000	      6.40000000	     23.76177035	      0.17304111	      0.17922182	      0.17420985
     53.00000000	      6.41700000	     16.39012838	      0.16896004	      0.17514553	      0.16993609
     54.00000000	      6.43300000	      7.60274081	      0.16409007	      0.17023847	      0.16480975
     55.00000000	      6.45000000	     -0.66655698	      0.15950992	      0.16560474	      0.16003465
     56.00000000	      6.46700000	     -8.74170812	      0.15505147	      0.16110941	      0.15567957
     57.00000000	      6.48300000	    -15.36350277	      0.15144190	      0.15746335	      0.15236653
     58.00000000	      6.50000000	    -21.06866905	      0.14838200	      0.15616270	      0.15006731
     59.00000000	      6.51700000	    -14.41830759	      0.15195385	      0.15798003	      0.15281052
     60.00000000	      6.53300000	     -8.58395439	      0.15513805	      0.16119707	      0.15576317
     61.00000000	      6.55000000	     -4.67131829	      0.15729305	      0.16337654	      0.15788180
     62.00000000	      6.56700000	      0.55600731	      0.16018342	      0.16628671	      0.16073398
     63.00000000	      6.58300000	      2.63742852	      0.16133634	      0.16744933	      0.16193389
     64.00000000	      6.60000000	      4.51642268	      0.16237814	      0.16850573	      0.16302053
     65.00000000	      6.61700000	      6.69077689	      0.16358420	      0.16972684	      0.16428179
     66.00000000	      6.63300000	      9.15323548	      0.16494995	      0.17110808	      0.16571327
     67.00000000	      6.65000000	     11.73712643	      0.16638316	      0.17255351	      0.16722140
     68.00000000	      6.66700000	     14.12852045	      0.16770682	      0.17388748	      0.16861940
     69.00000000	      6.68300000	     16.55010627	      0.16904869	      0.17523443	      0.17002885
     70.00000000	      6.70000000	     18.06166810	      0.16988605	      0.17607360	      0.17090990
     71.00000000	      6.71700000	     18.47436971	      0.17011533	      0.17630244	      0.17115033
     72.00000000	      6.73300000	     18.89662266	      0.17034919	      0.17653626	      0.17139626
     73.00000000	      6.75000000	     19.02654524	      0.17042114	      0.17660812	      0.17147192
     74.00000000	      6.76700000	     19.07180926	      0.17044621	      0.17663297	      0.17149828
     75.00000000	      6.78300000	     18.22686233	      0.16997824	      0.17616521	      0.17100614
     76.00000000	      6.80000000	     17.24733460	      0.16943500	      0.17562152	      0.17043533
     77.00000000	      6.81700000	     15.90869953	      0.16869325	      0.17487813	      0.16965606
     78.00000000	      6.83300000	     14.58712596	      0.16796072	      0.17414287	      0.16888703
     79.00000000	      6.85000000	     13.45358105	      0.16733244	      0.17351132	      0.16822248
     80.00000000	      6.86700000	     13.17722599	      0.16718003	      0.17335735	      0.16806535
     81.00000000	      6.88300000	     14.62821461	      0.16798350	      0.17416575	      0.16891100
     82.00000000	      6.90000000	     17.47639635	      0.16956310	      0.17574873	      0.17056884
     83.00000000	      6.91700000	     20.44763365	      0.17120722	      0.17739434	      0.17225709
     84.00000000	      6.93300000	     24.21311565	      0.17329051	      0.17947024	      0.17447646
     85.00000000	      6.95000000	     29.38718886	      0.17614599	      0.18230613	      0.17709027
     86.00000000	      6.96700000	     35.47494018	      0.17950098	      0.18562284	      0.18010644
     87.00000000	      6.98300000	     40.31333780	      0.18215830	      0.18823842	      0.18251409
     88.00000000	      7.00000000	     42.74762876	      0.18349093	      0.18954923	      0.18372838
     89.00000000	      7.01700000	     43.04472892	      0.18365352	      0.18970903	      0.18387671
     90.00000000	      7.03300000	     41.91136888	      0.18303334	      0.18909927	      0.18331103
     91.00000000	      7.05000000	     38.60238621	      0.18122044	      0.18731574	      0.18166175
     92.00000000	      7.06700000	     34.07285064	      0.17872937	      0.18485976	      0.17941038
     93.00000000	      7.08300000	     28.28233901	      0.17553625	      0.18170218	      0.17654467
     94.00000000	      7.10000000	     21.40034554	      0.17173408	      0.17792074	      0.17281808
     95.00000000	      7.11700000	     13.31466870	      0.16725590	      0.17343383	      0.16814555
     96.00000000	      7.13300000	      5.25263868	      0.16278634	      0.16891885	      0.16344774
     97.00000000	      7.15000000	     -3.03746879	      0.15819635	      0.16428876	      0.15878867
     98.00000000	      7.16700000	    -11.48506949	      0.15354891	      0.15959261	      0.15424877
     99.00000000	      7.18300000	    -18.22238799	      0.14990131	      0.15591175	      0.15112178
    100.00000000	      7.20000000	    -15.07892185	      0.15159592	      0.15761861	      0.15249894
    101.00000000	      7.21700000	     -6.17143983	      0.15646549	      0.16253991	      0.15705874
    102.00000000	      7.23300000	     -1.78958299	      0.15888759	      0.16498015	      0.15939673
    103.00000000	      7.25000000	      3.58075674	      0.16185973	      0.16797960	      0.16247722
    104.00000000	      7.26700000	      5.76508759	      0.16307139	      0.16920684	      0.16374524
    105.00000000	      7.28300000	      7.13506111	      0.16383076	      0.16997610	      0.16453720
    106.00000000	      7.30000000	      8.32474834	      0.16448997	      0.17064359	      0.16523007
    107.00000000	      7.31700000	     10.47487952	      0.16568324	      0.17184787	      0.16648287
    108.00000000	      7.33300000	     11.02743959	      0.16598822	      0.17215678	      0.16680423
    109.00000000	      7.35000000	     11.85269468	      0.16644718	      0.17261791	      0.16729256
    110.00000000	      7.36700000	     13.36744375	      0.16728498	      0.17346327	      0.16817634
    111.00000000	      7.38300000	     14.28531823	      0.16779375	      0.17397485	      0.16871091
    112.00000000	      7.40000000	     15.28706889	      0.16834872	      0.17453233	      0.16929130
    113.00000000	      7.41700000	     15.71572870	      0.16858696	      0.17477082	      0.16954249
    114.00000000	      7.43300000	     16.24109592	      0.16887746	      0.17506340	      0.16984844
    115.00000000	      7.45000000	     17.10060368	      0.16935370	      0.17554016	      0.17034979
    116.00000000	      7.46700000	     17.40206199	      0.16952192	      0.17570739	      0.17052551
    117.00000000	      7.48300000	     17.46453736	      0.16955653	      0.17574215	      0.17056193
    118.00000000	      7.50000000	     16.76793296	      0.16916938	      0.17535541	      0.17015585
    119.00000000	      7.51700000	     15.18611509	      0.16829276	      0.17447615	      0.16923240
    120.00000000	      7.53300000	     12.84725873	      0.16699838	      0.17317310	      0.16787281
