UNKNOWN
version=1
nRows=61
nColumns=12
inDegrees=no
endheader
time	time	biceps_femoris_l	cranial_tibial_l	gastrocnemius_l	gluteus_medius_l	iliopsoas_l	rectus_femoris_l	semitendinosus_l	vastus_intermedius_l	vastus_lateralis_l	vastus_medius_l
      0.00000000	      5.53300000	      0.21053550	      0.22124360	      0.21138120	      0.13135757	      0.14172955	      0.26597893	      0.20693559	      0.24545613	      0.25435530	      0.24325909
      1.00000000	      5.55000000	      0.21044795	      0.21765789	      0.21510054	      0.13187251	      0.14110505	      0.26521742	      0.20704653	      0.24698362	      0.25588470	      0.24477858
      2.00000000	      5.56700000	      0.21095583	      0.21488061	      0.21763897	      0.13233739	      0.14050588	      0.26391588	      0.20781163	      0.24797408	      0.25687013	      0.24575342
      3.00000000	      5.58300000	      0.21220621	      0.21248126	      0.21980161	      0.13281608	      0.13984069	      0.26178574	      0.20942369	      0.24852344	      0.25741510	      0.24628802
      4.00000000	      5.60000000	      0.21429814	      0.21007387	      0.22279763	      0.13305573	      0.13948209	      0.25947419	      0.21185308	      0.24770177	      0.25659988	      0.24548840
      5.00000000	      5.61700000	      0.21706705	      0.20918383	      0.22435522	      0.13338114	      0.13895472	      0.25619255	      0.21510113	      0.24673281	      0.25563363	      0.24452888
      6.00000000	      5.63300000	      0.22034866	      0.20943318	      0.22513999	      0.13366972	      0.13842514	      0.25234755	      0.21893365	      0.24536368	      0.25426271	      0.24316722
      7.00000000	      5.65000000	      0.22408919	      0.20957108	      0.22653416	      0.13384969	      0.13804096	      0.24839506	      0.22323559	      0.24329627	      0.25219135	      0.24111539
      8.00000000	      5.66700000	      0.22822711	      0.21030878	      0.22752440	      0.13400992	      0.13762257	      0.24386962	      0.22802109	      0.24097582	      0.24986478	      0.23881817
      9.00000000	      5.68300000	      0.23261347	      0.21111573	      0.22878917	      0.13409165	      0.13733795	      0.23944647	      0.23305223	      0.23811046	      0.24698954	      0.23598910
     10.00000000	      5.70000000	      0.23680348	      0.21231705	      0.22971834	      0.13412538	      0.13717748	      0.23553479	      0.23782992	      0.23504863	      0.24391446	      0.23297433
     11.00000000	      5.71700000	      0.24049687	      0.21344505	      0.23054110	      0.13413589	      0.13711357	      0.23233094	      0.24202197	      0.23208811	      0.24093864	      0.23006640
     12.00000000	      5.73300000	      0.24362297	      0.21421773	      0.23163907	      0.13411747	      0.13721978	      0.23023852	      0.24550526	      0.22911662	      0.23794947	      0.22715377
     13.00000000	      5.75000000	      0.24589501	      0.21486126	      0.23243716	      0.13408208	      0.13737666	      0.22896431	      0.24801399	      0.22669917	      0.23551597	      0.22478802
     14.00000000	      5.76700000	      0.24779953	      0.21555776	      0.23283242	      0.13405906	      0.13746241	      0.22765583	      0.25014933	      0.22473396	      0.23353667	      0.22286702
     15.00000000	      5.78300000	      0.24793498	      0.21429076	      0.23492427	      0.13391627	      0.13787996	      0.22894234	      0.25013907	      0.22355886	      0.23235271	      0.22171918
     16.00000000	      5.80000000	      0.24510427	      0.21203379	      0.23626938	      0.13376065	      0.13823842	      0.23243077	      0.24677436	      0.22528652	      0.23409328	      0.22340697
     17.00000000	      5.81700000	      0.24236009	      0.21076659	      0.23646215	      0.13361524	      0.13853150	      0.23551564	      0.24354753	      0.22703525	      0.23585436	      0.22511672
     18.00000000	      5.83300000	      0.24011767	      0.20978540	      0.23646179	      0.13351232	      0.13872350	      0.23784032	      0.24093619	      0.22854069	      0.23736985	      0.22658986
     19.00000000	      5.85000000	      0.23805114	      0.20877761	      0.23653166	      0.13341202	      0.13890146	      0.23993934	      0.23853607	      0.22989671	      0.23873441	      0.22791787
     20.00000000	      5.86700000	      0.23672689	      0.20846458	      0.23616259	      0.13338386	      0.13895005	      0.24111221	      0.23702284	      0.23090980	      0.23975359	      0.22891075
     21.00000000	      5.88300000	      0.23574857	      0.20803754	      0.23610985	      0.13334440	      0.13901723	      0.24204445	      0.23589610	      0.23157650	      0.24042415	      0.22956452
     22.00000000	      5.90000000	      0.23480828	      0.20740062	      0.23645034	      0.13322883	      0.13920851	      0.24321668	      0.23477287	      0.23191056	      0.24076010	      0.22989221
     23.00000000	      5.91700000	      0.23375508	      0.20702238	      0.23642421	      0.13313850	      0.13935301	      0.24435660	      0.23353934	      0.23244732	      0.24129983	      0.23041889
     24.00000000	      5.93300000	      0.23251498	      0.20707952	      0.23588774	      0.13305850	      0.13947782	      0.24558791	      0.23210343	      0.23318164	      0.24203810	      0.23113976
     25.00000000	      5.95000000	      0.23118421	      0.20706326	      0.23564842	      0.13285654	      0.13978157	      0.24722816	      0.23051142	      0.23356070	      0.24241914	      0.23151202
     26.00000000	      5.96700000	      0.22965943	      0.20862626	      0.23350143	      0.13282303	      0.13983058	      0.24850319	      0.22878375	      0.23469644	      0.24356058	      0.23262805
     27.00000000	      5.98300000	      0.22804436	      0.21047460	      0.23100136	      0.13277052	      0.13990666	      0.24989053	      0.22694945	      0.23583214	      0.24470162	      0.23374504
     28.00000000	      6.00000000	      0.22712948	      0.21330073	      0.22749188	      0.13283563	      0.13981219	      0.25041174	      0.22595595	      0.23679334	      0.24566705	      0.23469124
     29.00000000	      6.01700000	      0.22634056	      0.21511757	      0.22503601	      0.13284858	      0.13979324	      0.25097765	      0.22508049	      0.23747260	      0.24634915	      0.23536039
     30.00000000	      6.03300000	      0.22536398	      0.21713317	      0.22217178	      0.13282811	      0.13982317	      0.25177956	      0.22398056	      0.23818605	      0.24706542	      0.23606364
     31.00000000	      6.05000000	      0.22399407	      0.21847050	      0.22011061	      0.13266221	      0.14006102	      0.25326740	      0.22237537	      0.23872751	      0.24760893	      0.23659768
     32.00000000	      6.06700000	      0.22232125	      0.21916699	      0.21883114	      0.13240692	      0.14041272	      0.25515351	      0.22039926	      0.23924119	      0.24812447	      0.23710457
     33.00000000	      6.08300000	      0.22075010	      0.21965481	      0.21816395	      0.13200262	      0.14094116	      0.25718182	      0.21848580	      0.23925530	      0.24813862	      0.23711849
     34.00000000	      6.10000000	      0.21911973	      0.22015503	      0.21749502	      0.13154674	      0.14150425	      0.25920233	      0.21650227	      0.23922586	      0.24810909	      0.23708944
     35.00000000	      6.11700000	      0.21810152	      0.22081256	      0.21691495	      0.13107820	      0.14205454	      0.26064492	      0.21520922	      0.23873053	      0.24761196	      0.23660066
     36.00000000	      6.13300000	      0.21762552	      0.22165045	      0.21622482	      0.13065109	      0.14253564	      0.26152030	      0.21454411	      0.23795912	      0.24683761	      0.23583990
     37.00000000	      6.15000000	      0.21705399	      0.22273583	      0.21516105	      0.13013483	      0.14309520	      0.26247262	      0.21375569	      0.23706346	      0.24593832	      0.23495729
     38.00000000	      6.16700000	      0.21595217	      0.22364434	      0.21402682	      0.12957689	      0.14367683	      0.26376364	      0.21237437	      0.23652326	      0.24539581	      0.23442530
     39.00000000	      6.18300000	      0.21462134	      0.22446569	      0.21208322	      0.12943072	      0.14382565	      0.26487806	      0.21085100	      0.23721987	      0.24609537	      0.23511137
     40.00000000	      6.20000000	      0.21296185	      0.22501928	      0.20970951	      0.12965887	      0.14359274	      0.26597042	      0.20906508	      0.23910617	      0.24798897	      0.23697131
     41.00000000	      6.21700000	      0.21252946	      0.22581156	      0.20673543	      0.13028902	      0.14293039	      0.26575198	      0.20877023	      0.24104558	      0.24993476	      0.23888716
     42.00000000	      6.23300000	      0.21267686	      0.22585891	      0.20550660	      0.13092490	      0.14222929	      0.26493971	      0.20914035	      0.24259823	      0.25149165	      0.24042373
     43.00000000	      6.25000000	      0.21255427	      0.22395864	      0.20798483	      0.13145894	      0.14160938	      0.26429915	      0.20919765	      0.24415329	      0.25305019	      0.24196535
     44.00000000	      6.26700000	      0.21179146	      0.22040622	      0.21212015	      0.13192814	      0.14103531	      0.26409552	      0.20854582	      0.24609091	      0.25499097	      0.24389019
     45.00000000	      6.28300000	      0.21088277	      0.21669429	      0.21555242	      0.13231277	      0.14053863	      0.26402494	      0.20771994	      0.24795580	      0.25685199	      0.24573562
     46.00000000	      6.30000000	      0.21054901	      0.21397392	      0.21758757	      0.13267900	      0.14003731	      0.26342095	      0.20753639	      0.24936763	      0.25825965	      0.24711701
     47.00000000	      6.31700000	      0.21097645	      0.21130413	      0.21992595	      0.13294904	      0.13964431	      0.26234635	      0.20815215	      0.24992831	      0.25882130	      0.24766866
     48.00000000	      6.33300000	      0.21298241	      0.20929092	      0.22248244	      0.13315964	      0.13931956	      0.26013381	      0.21047279	      0.24910241	      0.25799395	      0.24685613
     49.00000000	      6.35000000	      0.21591446	      0.20868280	      0.22412829	      0.13338562	      0.13894703	      0.25705023	      0.21383664	      0.24765467	      0.25655312	      0.24544255
     50.00000000	      6.36700000	      0.21963234	      0.20913042	      0.22535124	      0.13356275	      0.13863075	      0.25344059	      0.21805822	      0.24545781	      0.25435698	      0.24326076
     51.00000000	      6.38300000	      0.22388549	      0.21008065	      0.22639815	      0.13372300	      0.13831731	      0.24936872	      0.22289176	      0.24282538	      0.25171936	      0.24064875
     52.00000000	      6.40000000	      0.22866702	      0.21073893	      0.22818286	      0.13381573	      0.13811831	      0.24515587	      0.22829094	      0.23948197	      0.24836609	      0.23734225
     53.00000000	      6.41700000	      0.23311522	      0.21276141	      0.22835554	      0.13390329	      0.13791249	      0.24110296	      0.23334928	      0.23636240	      0.24523425	      0.23426693
     54.00000000	      6.43300000	      0.23780913	      0.21455793	      0.22884952	      0.13396154	      0.13776127	      0.23693701	      0.23868782	      0.23282583	      0.24168040	      0.23079042
     55.00000000	      6.45000000	      0.24157327	      0.21583312	      0.22939763	      0.13399008	      0.13768126	      0.23364593	      0.24297387	      0.22979619	      0.23863328	      0.22781939
     56.00000000	      6.46700000	      0.24477094	      0.21603967	      0.23102715	      0.13396844	      0.13774235	      0.23120974	      0.24657933	      0.22681672	      0.23563434	      0.22490299
     57.00000000	      6.48300000	      0.24641824	      0.21607052	      0.23238464	      0.13383606	      0.13807233	      0.23083515	      0.24833372	      0.22449236	      0.23329328	      0.22263098
     58.00000000	      6.50000000	      0.24729878	      0.21601958	      0.23359933	      0.13361092	      0.13853978	      0.23132568	      0.24918685	      0.22248222	      0.23126767	      0.22066800
     59.00000000	      6.51700000	      0.24445616	      0.21347870	      0.23559815	      0.13333788	      0.13902824	      0.23492369	      0.24578311	      0.22389600	      0.23269243	      0.22204844
     60.00000000	      6.53300000	      0.24162677	      0.21176717	      0.23634218	      0.13312825	      0.13936916	      0.23803057	      0.24245349	      0.22561197	      0.23442109	      0.22372506
